   PrimaryIndex TWOTIM@UNKNOWN; TVD@UNKNOWN;4 [   
                4 [A107510]     A107508]          
       Unitless              ms               m   
         0.0000         0.00000         0.00000 
         1.0000       702.73340       718.00000 
         2.0000       722.68018       740.00000 
         3.0000       742.62708       762.00000 
         4.0000       762.57416       785.00000 
         5.0000       782.52100       807.00000 
         6.0000       802.46777       831.00000 
         7.0000       822.41479       854.00000 
         8.0000       842.36169       877.00000 
         9.0000       862.30847       900.00000 
        10.0000       882.25555       923.00000 
        11.0000       902.20245       946.00000 
        12.0000       922.14917       970.00000 
        13.0000       942.09625       993.00000 
        14.0000       962.04309      1017.00000 
        15.0000       981.98987      1041.00000 
        16.0000      1001.93665      1065.00000 
        17.0000      1021.88385      1089.00000 
        18.0000      1041.83069      1113.00000 
        19.0000      1061.77759      1137.00000 
        20.0000      1081.72437      1162.00000 
        21.0000      1101.67126      1186.00000 
        22.0000      1121.61816      1211.00000 
        23.0000      1141.56519      1236.00000 
        24.0000      1161.51208      1261.00000 
        25.0000      1181.45911      1286.00000 
        26.0000      1201.40576      1311.00000 
        27.0000      1221.35266      1336.00000 
        28.0000      1241.29956      1362.00000 
        29.0000      1261.24670      1387.00000 
        30.0000      1281.19348      1413.00000 
        31.0000      1301.14038      1438.00000 
        32.0000      1321.08728      1464.00000 
        33.0000      1341.03406      1496.00000 
        34.0000      1360.98096      1517.00000 
        35.0000      1380.92798      1543.00000 
        36.0000      1400.87500      1569.00000 
        37.0000      1420.82178      1596.00000 
        38.0000      1440.76855      1622.00000 
        39.0000      1460.71558      1649.00000 
        40.0000      1480.66235      1676.00000 
        41.0000      1500.60950      1703.00000 
        42.0000      1520.55627      1730.00000 
        43.0000      1540.50330      1758.00000 
        44.0000      1560.45007      1785.00000 
        45.0000      1580.39685      1813.00000 
        46.0000      1600.34387      1841.00000 
        47.0000      1620.29089      1868.00000 
        48.0000      1640.23779      1896.00000 
        49.0000      1647.63525      1906.75476 
        50.0000      1651.38745      1912.62219 
        51.0000      1659.11267      1925.00000 
        52.0000      1677.21228      1953.00000 
        53.0000      1695.31140      1981.00000 
        54.0000      1707.62830      2000.73462 
        55.0000      1711.07898      2006.06042 
        56.0000      1713.68347      2010.00000 
        57.0000      1720.80066      2020.39404 
        58.0000      1732.46179      2038.00000 
        59.0000      1751.00708      2067.00000 
        60.0000      1769.55225      2096.00000 
        61.0000      1788.09741      2125.00000 
        62.0000      1806.64258      2155.00000 
        63.0000      1825.18774      2184.00000 
        64.0000      1843.73328      2214.00000 
        65.0000      1862.27869      2243.00000 
        66.0000      1880.82397      2273.00000 
        67.0000      1899.36914      2303.00000 
        68.0000      1917.91418      2333.00000 
        69.0000      1936.45947      2364.00000 
        70.0000      1949.24072      2384.67554 
        71.0000      1955.46228      2394.00000 
        72.0000      1971.13184      2418.26831 
        73.0000      1971.31226      2418.57471 
        74.0000      1973.61072      2422.22827 
        75.0000      1975.63599      2425.00000 
        76.0000      1998.28674      2455.00000 
        77.0000      2020.93811      2486.00000 
        78.0000      2043.58862      2517.00000 
        79.0000      2066.23901      2548.00000 
        80.0000      2072.39307      2556.69434 
        81.0000      2083.94946      2580.00000 
        82.0000      2099.81738      2611.00000 
        83.0000      2115.68457      2643.00000 
        84.0000      2131.55200      2675.00000 
        85.0000      2141.47217      2695.00610 
        86.0000      2147.16870      2707.00000 
        87.0000      2149.21899      2711.31714 
        88.0000      2155.28418      2723.67456 
        89.0000      2156.09302      2725.20703 
        90.0000      2158.94507      2730.84473 
        91.0000      2159.77075      2732.38892 
        92.0000      2159.77637      2732.39844 
        93.0000      2160.53711      2733.88745 
        94.0000      2164.15161      2739.00000 
        95.0000      2177.24023      2757.51245 
        96.0000      2186.49536      2771.00000 
        97.0000      2208.45410      2803.00000 
        98.0000      2230.41309      2836.00000 
        99.0000      2252.37231      2869.00000 
       100.0000      2267.32422      2891.47021 
       101.0000      2273.24634      2902.00000 
       102.0000      2291.80566      2935.00000 
       103.0000      2310.36499      2968.00000 
       104.0000      2315.34644      2976.85742 
       105.0000      2327.19360      3001.00000 
       106.0000      2329.36938      3005.56836 
       107.0000      2330.42163      3007.71338 
       108.0000      2346.47241      3035.00000 
       109.0000      2366.47241      3068.00000 
       110.0000      2386.47241      3102.00000 
       111.0000      2406.47241      3136.00000 
       112.0000      2426.47241      3171.00000 
       113.0000      2446.47241      3205.00000 
       114.0000      2466.47241      3240.00000 
       115.0000      2486.47290      3274.00000 
       116.0000      2506.47290      3309.00000 
       117.0000      2526.47290      3344.00000 
       118.0000      2546.47290      3379.00000 
       119.0000      2566.47266      3415.00000 
       120.0000      2586.47266      3450.00000 
       121.0000      2606.47241      3486.00000 
       122.0000      2626.47241      3522.00000 
       123.0000      2646.47241      3558.00000 
       124.0000      2666.47241      3595.00000 
       125.0000      2686.47241      3631.00000 
       126.0000      2706.47290      3668.00000 
       127.0000      2726.47290      3695.00000 
       128.0000      2746.47290      3741.00000 
       129.0000      2766.47314      3779.00000 
       130.0000      2786.47314      3816.00000 
       131.0000      2806.47290      3854.00000 
       132.0000      2826.47290      3891.00000 
       133.0000      2846.47266      3929.00000 
       134.0000      2866.47266      3967.00000 
       135.0000      2886.47266      4006.00000 
       136.0000      2906.47266      4044.00000 
       137.0000      2926.47266      4083.00000 
       138.0000      2946.47314      4122.00000 
       139.0000      2966.47314      4161.00000 
       140.0000      2986.47314      4200.00000 
       141.0000      3006.47314      4239.00000 
       142.0000      3026.47314      4279.00000 
       143.0000      3046.47314      4319.00000 
       144.0000      3066.47290      4359.00000 
       145.0000      3086.47290      4399.00000 
       146.0000      3106.47266      4439.00000 
       147.0000      3126.47266      4480.00000 
       148.0000      3146.47266      4521.00000 
