   PrimaryIndex TWOTIM@UNKNOWN; TVD@UNKNOWN;4 [   
                4 [A107735]     A107733]          
       Unitless              ms               m   
         0.0000         0.00000         0.00000 
         1.0000       678.49347       692.76373 
         2.0000       720.31842       738.68274 
         3.0000       759.91260       785.54510 
         4.0000       901.70801       942.88055 
         5.0000       910.08582       953.45886 
         6.0000      1000.55157      1044.84106 
         7.0000      1081.39331      1169.76221 
         8.0000      1097.30469      1189.85278 
         9.0000      1097.30481      1189.85291 
        10.0000      1139.06750      1242.76233 
        11.0000      1261.62537      1399.01001 
        12.0000      1261.62549      1399.01013 
        13.0000      1275.91174      1417.67090 
        14.0000      1364.35779      1543.18799 
        15.0000      1407.61365      1594.21497 
        16.0000      1477.16101      1689.79089 
        17.0000      1805.77783      2145.26416 
        18.0000      1805.77795      2145.26440 
        19.0000      1941.10095      2365.13647 
        20.0000      2173.08643      2727.67847 
        21.0000      2173.13062      2727.83081 
        22.0000      2173.17456      2727.98315 
        23.0000      2173.21875      2728.13550 
        24.0000      2173.26294      2728.28809 
        25.0000      2173.30688      2728.44043 
        26.0000      2173.35107      2728.59277 
        27.0000      2173.39551      2728.74512 
        28.0000      2173.43945      2728.89771 
        29.0000      2173.48364      2729.05005 
        30.0000      2173.52783      2729.20239 
        31.0000      2173.57178      2729.35474 
        32.0000      2173.61621      2729.50708 
        33.0000      2173.66016      2729.65967 
        34.0000      2173.70435      2729.81201 
        35.0000      2173.74854      2729.96436 
        36.0000      2173.79248      2730.11670 
        37.0000      2173.83667      2730.26929 
        38.0000      2173.88086      2730.42163 
        39.0000      2173.92480      2730.57397 
        40.0000      2173.96924      2730.72632 
        41.0000      2174.01343      2730.87891 
        42.0000      2174.05737      2731.03125 
        43.0000      2174.10156      2731.18359 
        44.0000      2174.14575      2731.33594 
        45.0000      2174.18970      2731.48828 
        46.0000      2174.23389      2731.64087 
        47.0000      2174.27832      2731.79321 
        48.0000      2174.32227      2731.94556 
        49.0000      2174.36646      2732.09790 
        50.0000      2174.41064      2732.25049 
        51.0000      2174.45459      2732.40283 
        52.0000      2174.49878      2732.55518 
        53.0000      2174.54321      2732.70752 
        54.0000      2174.58716      2732.86011 
        55.0000      2174.63135      2733.01245 
        56.0000      2174.67554      2733.16479 
        57.0000      2174.71948      2733.31714 
        58.0000      2174.76367      2733.46948 
        59.0000      2174.80786      2733.62207 
        60.0000      2174.85181      2733.77441 
        61.0000      2174.89600      2733.92676 
        62.0000      2174.94043      2734.07910 
        63.0000      2174.98438      2734.23169 
        64.0000      2175.02856      2734.38403 
        65.0000      2175.07275      2734.53638 
        66.0000      2175.11694      2734.68872 
        67.0000      2175.16113      2734.84131 
        68.0000      2175.20532      2734.99365 
        69.0000      2175.24927      2735.14600 
        70.0000      2175.29346      2735.29834 
        71.0000      2175.33765      2735.45068 
        72.0000      2175.38159      2735.60327 
        73.0000      2175.42578      2735.75562 
        74.0000      2175.46997      2735.90796 
        75.0000      2175.51392      2736.06030 
        76.0000      2175.55811      2736.21289 
        77.0000      2175.60254      2736.36523 
        78.0000      2175.64648      2736.51758 
        79.0000      2175.69092      2736.66992 
        80.0000      2175.73511      2736.82251 
        81.0000      2175.77905      2736.97485 
        82.0000      2175.82324      2737.12720 
        83.0000      2175.86743      2737.27954 
        84.0000      2175.91138      2737.43188 
        85.0000      2175.95557      2737.58447 
        86.0000      2175.99976      2737.73682 
        87.0000      2176.04370      2737.88916 
        88.0000      2176.08789      2738.04150 
        89.0000      2176.13208      2738.19409 
        90.0000      2176.17603      2738.34644 
        91.0000      2176.22021      2738.49878 
        92.0000      2176.26465      2738.65112 
        93.0000      2176.30884      2738.80371 
        94.0000      2176.35303      2738.95605 
        95.0000      2176.39697      2739.10840 
        96.0000      2176.44116      2739.26074 
        97.0000      2176.48535      2739.41309 
        98.0000      2176.52954      2739.56567 
        99.0000      2176.57373      2739.71802 
       100.0000      2176.61792      2739.87036 
       101.0000      2176.66187      2740.02271 
       102.0000      2176.70605      2740.17529 
       103.0000      2176.75024      2740.32764 
       104.0000      2176.79419      2740.47998 
       105.0000      2176.83838      2740.63232 
       106.0000      2176.88257      2740.78491 
       107.0000      2176.92676      2740.93726 
       108.0000      2176.97119      2741.08960 
       109.0000      2177.01538      2741.24194 
       110.0000      2177.05933      2741.39429 
       111.0000      2177.10352      2741.54688 
       112.0000      2177.14771      2741.69922 
       113.0000      2177.19165      2741.85156 
       114.0000      2177.20508      2741.89771 
       115.0000      2177.23462      2742.00391 
       116.0000      2177.27710      2742.15649 
       117.0000      2177.31958      2742.30884 
       118.0000      2177.36206      2742.46118 
       119.0000      2177.40430      2742.61353 
       120.0000      2177.44678      2742.76611 
       121.0000      2177.48926      2742.91846 
       122.0000      2177.53198      2743.07080 
       123.0000      2177.57446      2743.22314 
       124.0000      2177.61694      2743.37549 
       125.0000      2177.65918      2743.52808 
       126.0000      2177.70166      2743.68042 
       127.0000      2177.74414      2743.83276 
       128.0000      2177.78687      2743.98511 
       129.0000      2177.82959      2744.13770 
       130.0000      2177.87207      2744.29004 
       131.0000      2177.91504      2744.44238 
       132.0000      2177.95776      2744.59473 
       133.0000      2178.00024      2744.74731 
       134.0000      2178.04272      2744.89966 
       135.0000      2178.08545      2745.05200 
       136.0000      2178.12817      2745.20435 
       137.0000      2178.17139      2745.35669 
       138.0000      2178.21484      2745.50928 
       139.0000      2178.25806      2745.66162 
       140.0000      2178.30078      2745.81396 
       141.0000      2178.34399      2745.96631 
       142.0000      2178.38696      2746.11890 
       143.0000      2178.42993      2746.27124 
       144.0000      2178.47266      2746.42358 
       145.0000      2178.51660      2746.57593 
       146.0000      2178.56201      2746.72852 
       147.0000      2178.61133      2746.88086 
       148.0000      2178.66357      2747.03320 
       149.0000      2178.71802      2747.18555 
       150.0000      2178.77222      2747.33789 
       151.0000      2178.82349      2747.49048 
       152.0000      2178.87280      2747.64282 
       153.0000      2178.92139      2747.79517 
       154.0000      2178.97339      2747.94751 
       155.0000      2179.02930      2748.10010 
       156.0000      2179.08594      2748.25244 
       157.0000      2179.13916      2748.40479 
       158.0000      2179.18408      2748.55713 
       159.0000      2179.21680      2748.67603 
       160.0000      2179.22876      2748.70972 
       161.0000      2179.28149      2748.86206 
       162.0000      2179.33325      2749.01440 
       163.0000      2179.38525      2749.16675 
       164.0000      2179.43726      2749.31909 
       165.0000      2179.48853      2749.47168 
       166.0000      2179.53906      2749.62402 
       167.0000      2179.58911      2749.77637 
       168.0000      2179.63989      2749.92871 
       169.0000      2179.69165      2750.08130 
       170.0000      2179.74414      2750.23364 
       171.0000      2179.79810      2750.38599 
       172.0000      2179.85205      2750.53833 
       173.0000      2179.90552      2750.69092 
       174.0000      2179.95703      2750.84326 
       175.0000      2180.00732      2750.99561 
       176.0000      2180.05664      2751.14795 
       177.0000      2180.10522      2751.30029 
       178.0000      2180.15356      2751.45288 
       179.0000      2180.20166      2751.60522 
       180.0000      2180.25000      2751.75757 
       181.0000      2180.29785      2751.90991 
       182.0000      2180.34546      2752.06250 
       183.0000      2180.39282      2752.21484 
       184.0000      2180.44067      2752.36719 
       185.0000      2180.48999      2752.51953 
       186.0000      2180.54272      2752.67212 
       187.0000      2180.59595      2752.82446 
       188.0000      2180.64697      2752.97681 
       189.0000      2180.69604      2753.12915 
       190.0000      2180.74512      2753.28149 
       191.0000      2180.79590      2753.43408 
       192.0000      2180.84741      2753.58643 
       193.0000      2180.89771      2753.73877 
       194.0000      2180.94580      2753.89111 
       195.0000      2180.99316      2754.04370 
       196.0000      2181.04028      2754.19604 
       197.0000      2181.08789      2754.34839 
       198.0000      2181.13672      2754.50073 
       199.0000      2181.18628      2754.65332 
       200.0000      2181.23877      2754.80566 
       201.0000      2181.29370      2754.95801 
       202.0000      2181.35083      2755.11035 
       203.0000      2181.41040      2755.26270 
       204.0000      2181.47119      2755.41528 
       205.0000      2181.53320      2755.56763 
       206.0000      2181.59595      2755.71997 
       207.0000      2181.65942      2755.87231 
       208.0000      2181.72241      2756.02490 
       209.0000      2181.78223      2756.17725 
       210.0000      2181.83862      2756.32959 
       211.0000      2181.89185      2756.48193 
       212.0000      2181.94360      2756.63452 
       213.0000      2181.99536      2756.78687 
       214.0000      2182.04883      2756.93921 
       215.0000      2182.10352      2757.09155 
       216.0000      2182.16040      2757.24390 
       217.0000      2182.21851      2757.39648 
       218.0000      2182.27856      2757.54883 
       219.0000      2182.33911      2757.70117 
       220.0000      2182.39917      2757.85352 
       221.0000      2182.45801      2758.00610 
       222.0000      2182.51514      2758.15845 
       223.0000      2182.57178      2758.31079 
       224.0000      2182.63110      2758.46313 
       225.0000      2182.69385      2758.61572 
       226.0000      2182.75977      2758.76807 
       227.0000      2182.82690      2758.92041 
       228.0000      2182.89307      2759.07275 
       229.0000      2182.95728      2759.22510 
       230.0000      2183.01807      2759.37769 
       231.0000      2183.07690      2759.53003 
       232.0000      2183.13428      2759.68237 
       233.0000      2183.19165      2759.83472 
       234.0000      2183.24927      2759.98730 
       235.0000      2183.30884      2760.13965 
       236.0000      2183.36865      2760.29199 
       237.0000      2183.42676      2760.44434 
       238.0000      2183.48364      2760.59668 
       239.0000      2183.53979      2760.74927 
       240.0000      2183.59570      2760.90161 
       241.0000      2183.65332      2761.05396 
       242.0000      2183.71484      2761.20630 
       243.0000      2183.78027      2761.35889 
       244.0000      2183.84985      2761.51123 
       245.0000      2183.92114      2761.66357 
       246.0000      2183.99292      2761.81592 
       247.0000      2184.06177      2761.96851 
       248.0000      2184.12427      2762.12085 
       249.0000      2184.18262      2762.27319 
       250.0000      2184.23608      2762.42554 
       251.0000      2184.28784      2762.57788 
       252.0000      2184.33984      2762.73047 
       253.0000      2184.39282      2762.88281 
       254.0000      2184.44727      2763.03516 
       255.0000      2184.50317      2763.18750 
       256.0000      2184.55908      2763.34009 
       257.0000      2184.61475      2763.49243 
       258.0000      2184.66919      2763.64478 
       259.0000      2184.72241      2763.79712 
       260.0000      2184.77490      2763.94971 
       261.0000      2184.82690      2764.10205 
       262.0000      2184.87842      2764.25439 
       263.0000      2184.92944      2764.40674 
       264.0000      2184.97998      2764.55908 
       265.0000      2185.03076      2764.71167 
       266.0000      2185.08154      2764.86401 
       267.0000      2185.13208      2765.01636 
       268.0000      2185.18164      2765.16870 
       269.0000      2185.23120      2765.32129 
       270.0000      2185.28198      2765.47363 
       271.0000      2185.33643      2765.62598 
       272.0000      2185.39258      2765.77832 
       273.0000      2185.44922      2765.93091 
       274.0000      2185.50391      2766.08325 
       275.0000      2185.55737      2766.23560 
       276.0000      2185.61353      2766.38794 
       277.0000      2185.67407      2766.54028 
       278.0000      2185.74170      2766.69287 
       279.0000      2185.81201      2766.84521 
       280.0000      2185.88501      2766.99756 
       281.0000      2185.96021      2767.14990 
       282.0000      2186.03833      2767.30249 
       283.0000      2186.11719      2767.45483 
       284.0000      2186.19800      2767.60718 
       285.0000      2186.28345      2767.75952 
       286.0000      2186.37183      2767.91211 
       287.0000      2186.46460      2768.06445 
       288.0000      2186.55762      2768.21680 
       289.0000      2186.64502      2768.36914 
       290.0000      2186.72656      2768.52148 
       291.0000      2186.79834      2768.67407 
       292.0000      2186.86475      2768.82642 
       293.0000      2186.93140      2768.97876 
       294.0000      2187.00098      2769.13110 
       295.0000      2187.07275      2769.28369 
       296.0000      2187.14478      2769.43604 
       297.0000      2187.21484      2769.58838 
       298.0000      2187.28369      2769.74072 
       299.0000      2187.35181      2769.89331 
       300.0000      2187.41504      2770.04565 
       301.0000      2187.47363      2770.19800 
       302.0000      2187.52856      2770.35034 
       303.0000      2187.58228      2770.50269 
       304.0000      2187.63647      2770.65527 
       305.0000      2187.69385      2770.80762 
       306.0000      2187.75342      2770.95996 
       307.0000      2187.81348      2771.11230 
       308.0000      2187.87231      2771.26489 
       309.0000      2187.92993      2771.41724 
       310.0000      2187.98584      2771.56958 
       311.0000      2188.04272      2771.72192 
       312.0000      2188.10132      2771.87451 
       313.0000      2188.16089      2772.02686 
       314.0000      2188.21777      2772.17920 
       315.0000      2188.27002      2772.33154 
       316.0000      2188.31885      2772.48389 
       317.0000      2188.36646      2772.63647 
       318.0000      2188.41504      2772.78882 
       319.0000      2188.46753      2772.94116 
       320.0000      2188.52417      2773.09351 
       321.0000      2188.58740      2773.24609 
       322.0000      2188.65356      2773.39844 
       323.0000      2188.72021      2773.55078 
       324.0000      2188.78467      2773.70312 
       325.0000      2188.84619      2773.85571 
       326.0000      2188.90356      2774.00806 
       327.0000      2188.95972      2774.16040 
       328.0000      2189.01562      2774.31274 
       329.0000      2189.07300      2774.46509 
       330.0000      2189.13281      2774.61768 
       331.0000      2189.19409      2774.77002 
       332.0000      2189.25659      2774.92236 
       333.0000      2189.31812      2775.07471 
       334.0000      2189.37720      2775.22729 
       335.0000      2189.43213      2775.37964 
       336.0000      2189.48462      2775.53198 
       337.0000      2189.53613      2775.68433 
       338.0000      2189.58960      2775.83691 
       339.0000      2189.64673      2775.98926 
       340.0000      2189.70581      2776.14160 
       341.0000      2189.76318      2776.29395 
       342.0000      2189.81763      2776.44629 
       343.0000      2189.87109      2776.59888 
       344.0000      2189.92236      2776.75122 
       345.0000      2189.97168      2776.90356 
       346.0000      2190.01978      2777.05591 
       347.0000      2190.06787      2777.20850 
       348.0000      2190.11523      2777.36084 
       349.0000      2190.16138      2777.51318 
       350.0000      2190.20654      2777.66553 
       351.0000      2190.25171      2777.81812 
       352.0000      2190.29761      2777.97046 
       353.0000      2190.34326      2778.12280 
       354.0000      2190.38940      2778.27515 
       355.0000      2190.43579      2778.42749 
       356.0000      2190.48364      2778.58008 
       357.0000      2190.53271      2778.73242 
       358.0000      2190.58325      2778.88477 
       359.0000      2190.63403      2779.03711 
       360.0000      2190.68579      2779.18970 
       361.0000      2190.73926      2779.34204 
       362.0000      2190.79492      2779.49438 
       363.0000      2190.85205      2779.64673 
       364.0000      2190.91284      2779.79932 
       365.0000      2190.97583      2779.95166 
       366.0000      2191.03979      2780.10400 
       367.0000      2191.10107      2780.25635 
       368.0000      2191.15894      2780.40869 
       369.0000      2191.21338      2780.56128 
       370.0000      2191.26904      2780.71362 
       371.0000      2191.32715      2780.86597 
       372.0000      2191.38574      2781.01831 
       373.0000      2191.44165      2781.17090 
       374.0000      2191.49561      2781.32324 
       375.0000      2191.54858      2781.47559 
       376.0000      2191.59937      2781.62793 
       377.0000      2191.64893      2781.78052 
       378.0000      2191.69775      2781.93286 
       379.0000      2191.74805      2782.08521 
       380.0000      2191.80103      2782.23755 
       381.0000      2191.85669      2782.38989 
       382.0000      2191.91309      2782.54248 
       383.0000      2191.97144      2782.69482 
       384.0000      2192.03003      2782.84717 
       385.0000      2192.08838      2782.99951 
       386.0000      2192.14648      2783.15210 
       387.0000      2192.20215      2783.30444 
       388.0000      2192.25537      2783.45679 
       389.0000      2192.30688      2783.60913 
       390.0000      2192.35718      2783.76172 
       391.0000      2192.40674      2783.91406 
       392.0000      2192.45483      2784.06641 
       393.0000      2192.50244      2784.21875 
       394.0000      2192.54980      2784.37109 
       395.0000      2192.59644      2784.52368 
       396.0000      2192.64355      2784.67603 
       397.0000      2192.69067      2784.82837 
       398.0000      2192.73755      2784.98071 
       399.0000      2192.78442      2785.13330 
       400.0000      2192.83057      2785.28564 
       401.0000      2192.87573      2785.43799 
       402.0000      2192.91992      2785.59033 
       403.0000      2192.96436      2785.74292 
       404.0000      2193.00879      2785.89526 
       405.0000      2193.05371      2786.04761 
       406.0000      2193.09937      2786.19995 
       407.0000      2193.14697      2786.35229 
       408.0000      2193.19653      2786.50488 
       409.0000      2193.24561      2786.65723 
       410.0000      2193.29419      2786.80957 
       411.0000      2193.34619      2786.96191 
       412.0000      2193.40332      2787.11450 
       413.0000      2193.46655      2787.26685 
       414.0000      2193.53345      2787.41919 
       415.0000      2193.60278      2787.57153 
       416.0000      2193.66772      2787.72412 
       417.0000      2193.72314      2787.87646 
       418.0000      2193.77515      2788.02881 
       419.0000      2193.83154      2788.18115 
       420.0000      2193.89307      2788.33350 
       421.0000      2193.95557      2788.48608 
       422.0000      2194.01489      2788.63843 
       423.0000      2194.07056      2788.79077 
       424.0000      2194.12061      2788.94312 
       425.0000      2194.16821      2789.09570 
       426.0000      2194.21655      2789.24805 
       427.0000      2194.26636      2789.40039 
       428.0000      2194.32129      2789.55273 
       429.0000      2194.38184      2789.70532 
       430.0000      2194.44458      2789.85767 
       431.0000      2194.50854      2790.01001 
       432.0000      2194.57178      2790.16235 
       433.0000      2194.63257      2790.31470 
       434.0000      2194.69189      2790.46729 
       435.0000      2194.75000      2790.61963 
       436.0000      2194.80664      2790.77197 
       437.0000      2194.86304      2790.92432 
       438.0000      2194.92480      2791.07690 
       439.0000      2194.99438      2791.22925 
       440.0000      2195.07202      2791.38159 
       441.0000      2195.15210      2791.53394 
       442.0000      2195.23315      2791.68628 
       443.0000      2195.31201      2791.83887 
       444.0000      2195.38721      2791.99121 
       445.0000      2195.46021      2792.14355 
       446.0000      2195.53833      2792.29590 
       447.0000      2195.62354      2792.44849 
       448.0000      2195.71338      2792.60083 
       449.0000      2195.80322      2792.75317 
       450.0000      2195.88916      2792.90552 
       451.0000      2195.96387      2793.05811 
       452.0000      2196.03052      2793.21045 
       453.0000      2196.09253      2793.36279 
       454.0000      2196.15088      2793.51514 
       455.0000      2196.20703      2793.66748 
       456.0000      2196.26099      2793.82007 
       457.0000      2196.31348      2793.97241 
       458.0000      2196.36450      2794.12476 
       459.0000      2196.41553      2794.27710 
       460.0000      2196.46729      2794.42969 
       461.0000      2196.51978      2794.58203 
       462.0000      2196.57129      2794.73438 
       463.0000      2196.62134      2794.88672 
       464.0000      2196.67041      2795.03931 
       465.0000      2196.71899      2795.19165 
       466.0000      2196.76880      2795.34399 
       467.0000      2196.82007      2795.49634 
       468.0000      2196.87207      2795.64868 
       469.0000      2196.92432      2795.80127 
       470.0000      2196.97559      2795.95361 
       471.0000      2197.02637      2796.10596 
       472.0000      2197.07520      2796.25830 
       473.0000      2197.12329      2796.41089 
       474.0000      2197.17017      2796.56323 
       475.0000      2197.21753      2796.71558 
       476.0000      2197.26709      2796.86792 
       477.0000      2197.31909      2797.02051 
       478.0000      2197.37695      2797.17285 
       479.0000      2197.43872      2797.32520 
       480.0000      2197.50244      2797.47754 
       481.0000      2197.56567      2797.62988 
       482.0000      2197.62744      2797.78247 
       483.0000      2197.68774      2797.93481 
       484.0000      2197.74731      2798.08716 
       485.0000      2197.80640      2798.23950 
       486.0000      2197.86548      2798.39209 
       487.0000      2197.92456      2798.54443 
       488.0000      2197.98315      2798.69678 
       489.0000      2198.04126      2798.84912 
       490.0000      2198.09863      2799.00171 
       491.0000      2198.15576      2799.15405 
       492.0000      2198.21265      2799.30640 
       493.0000      2198.26929      2799.45874 
       494.0000      2198.32617      2799.61108 
       495.0000      2198.38208      2799.76367 
       496.0000      2198.43750      2799.91602 
       497.0000      2198.49194      2800.06836 
       498.0000      2198.54688      2800.22070 
       499.0000      2198.60254      2800.37329 
       500.0000      2198.65894      2800.52563 
       501.0000      2198.71558      2800.67798 
       502.0000      2198.77246      2800.83032 
       503.0000      2198.82593      2800.98291 
       504.0000      2198.87451      2801.13525 
       505.0000      2198.92090      2801.28760 
       506.0000      2198.96875      2801.43994 
       507.0000      2199.01855      2801.59229 
       508.0000      2199.06982      2801.74487 
       509.0000      2199.12207      2801.89722 
       510.0000      2199.17822      2802.04956 
       511.0000      2199.23999      2802.20190 
       512.0000      2199.30688      2802.35449 
       513.0000      2199.37891      2802.50684 
       514.0000      2199.45166      2802.65918 
       515.0000      2199.52002      2802.81152 
       516.0000      2199.58252      2802.96411 
       517.0000      2199.63818      2803.11646 
       518.0000      2199.68945      2803.26880 
       519.0000      2199.73901      2803.42114 
       520.0000      2199.78955      2803.57349 
       521.0000      2199.84180      2803.72607 
       522.0000      2199.89697      2803.87842 
       523.0000      2199.95483      2804.03076 
       524.0000      2200.01611      2804.18311 
       525.0000      2200.07715      2804.33569 
       526.0000      2200.13574      2804.48804 
       527.0000      2200.19482      2804.64038 
       528.0000      2200.26050      2804.79272 
       529.0000      2200.33765      2804.94531 
       530.0000      2200.42383      2805.09766 
       531.0000      2200.51855      2805.25000 
       532.0000      2200.61597      2805.40234 
       533.0000      2200.71362      2805.55469 
       534.0000      2200.81006      2805.70728 
       535.0000      2200.90332      2805.85962 
       536.0000      2200.99072      2806.01196 
       537.0000      2201.07520      2806.16431 
       538.0000      2201.15796      2806.31689 
       539.0000      2201.24097      2806.46924 
       540.0000      2201.32227      2806.62158 
       541.0000      2201.40088      2806.77393 
       542.0000      2201.47095      2806.92651 
       543.0000      2201.53467      2807.07886 
       544.0000      2201.59521      2807.23120 
       545.0000      2201.65112      2807.38354 
       546.0000      2201.70410      2807.53589 
       547.0000      2201.75269      2807.68848 
       548.0000      2201.79980      2807.84082 
       549.0000      2201.84717      2807.99316 
       550.0000      2201.89478      2808.14551 
       551.0000      2201.94385      2808.29810 
       552.0000      2201.99390      2808.45044 
       553.0000      2202.04443      2808.60278 
       554.0000      2202.09473      2808.75513 
       555.0000      2202.14453      2808.90771 
       556.0000      2202.19409      2809.06006 
       557.0000      2202.24341      2809.21240 
       558.0000      2202.29297      2809.36475 
       559.0000      2202.34302      2809.51709 
       560.0000      2202.39307      2809.66968 
       561.0000      2202.44336      2809.82202 
       562.0000      2202.49341      2809.97437 
       563.0000      2202.54297      2810.12671 
       564.0000      2202.59253      2810.27930 
       565.0000      2202.64258      2810.43164 
       566.0000      2202.69287      2810.58398 
       567.0000      2202.74316      2810.73633 
       568.0000      2202.79272      2810.88892 
       569.0000      2202.84277      2811.04126 
       570.0000      2202.89355      2811.19360 
       571.0000      2202.94531      2811.34595 
       572.0000      2202.99780      2811.49829 
       573.0000      2203.04956      2811.65088 
       574.0000      2203.10010      2811.80322 
       575.0000      2203.15039      2811.95557 
       576.0000      2203.19995      2812.10791 
       577.0000      2203.25000      2812.26050 
       578.0000      2203.30005      2812.41284 
       579.0000      2203.35107      2812.56519 
       580.0000      2203.40479      2812.71753 
       581.0000      2203.46118      2812.87012 
       582.0000      2203.51758      2813.02246 
       583.0000      2203.57056      2813.17480 
       584.0000      2203.62134      2813.32715 
       585.0000      2203.67090      2813.47949 
       586.0000      2203.72021      2813.63208 
       587.0000      2203.77002      2813.78442 
       588.0000      2203.82178      2813.93677 
       589.0000      2203.87524      2814.08911 
       590.0000      2203.92847      2814.24170 
       591.0000      2203.98096      2814.39404 
       592.0000      2204.03101      2814.54639 
       593.0000      2204.07910      2814.69873 
       594.0000      2204.12769      2814.85132 
       595.0000      2204.17676      2815.00366 
       596.0000      2204.22607      2815.15601 
       597.0000      2204.27563      2815.30835 
       598.0000      2204.32520      2815.46069 
       599.0000      2204.37427      2815.61328 
       600.0000      2204.42285      2815.76562 
       601.0000      2204.47168      2815.91797 
       602.0000      2204.51978      2816.07031 
       603.0000      2204.56763      2816.22290 
       604.0000      2204.61523      2816.37524 
       605.0000      2204.66235      2816.52759 
       606.0000      2204.70947      2816.67993 
       607.0000      2204.75659      2816.83252 
       608.0000      2204.80347      2816.98486 
       609.0000      2204.85010      2817.13721 
       610.0000      2204.89697      2817.28955 
       611.0000      2204.94336      2817.44189 
       612.0000      2204.98999      2817.59448 
       613.0000      2205.03613      2817.74683 
       614.0000      2205.08252      2817.89917 
       615.0000      2205.12866      2818.05151 
       616.0000      2205.17480      2818.20410 
       617.0000      2205.22095      2818.35645 
       618.0000      2205.26733      2818.50879 
       619.0000      2205.31421      2818.66113 
       620.0000      2205.36157      2818.81372 
       621.0000      2205.40918      2818.96606 
       622.0000      2205.45703      2819.11841 
       623.0000      2205.50439      2819.27075 
       624.0000      2205.55151      2819.42310 
       625.0000      2205.59863      2819.57568 
       626.0000      2205.64575      2819.72803 
       627.0000      2205.69336      2819.88037 
       628.0000      2205.74048      2820.03271 
       629.0000      2205.78784      2820.18530 
       630.0000      2205.83521      2820.33765 
       631.0000      2205.88208      2820.48999 
       632.0000      2205.92920      2820.64233 
       633.0000      2205.97607      2820.79492 
       634.0000      2206.02319      2820.94727 
       635.0000      2206.07031      2821.09961 
       636.0000      2206.11768      2821.25195 
       637.0000      2206.16479      2821.40430 
       638.0000      2206.21240      2821.55688 
       639.0000      2206.25977      2821.70923 
       640.0000      2206.30640      2821.86157 
       641.0000      2206.35376      2822.01392 
       642.0000      2206.40112      2822.16650 
       643.0000      2206.44873      2822.31885 
       644.0000      2206.49683      2822.47119 
       645.0000      2206.54492      2822.62354 
       646.0000      2206.59302      2822.77612 
       647.0000      2206.64062      2822.92847 
       648.0000      2206.68799      2823.08081 
       649.0000      2206.73462      2823.23315 
       650.0000      2206.78149      2823.38550 
       651.0000      2206.82861      2823.53809 
       652.0000      2206.87671      2823.69043 
       653.0000      2206.92578      2823.84277 
       654.0000      2206.97778      2823.99512 
       655.0000      2207.03320      2824.14771 
       656.0000      2207.08984      2824.30005 
       657.0000      2207.14551      2824.45239 
       658.0000      2207.20190      2824.60474 
       659.0000      2207.26294      2824.75708 
       660.0000      2207.32642      2824.90967 
       661.0000      2207.39233      2825.06201 
       662.0000      2207.45898      2825.21436 
       663.0000      2207.52466      2825.36670 
       664.0000      2207.59009      2825.51929 
       665.0000      2207.65210      2825.67163 
       666.0000      2207.71069      2825.82397 
       667.0000      2207.76538      2825.97632 
       668.0000      2207.81567      2826.12891 
       669.0000      2207.86426      2826.28125 
       670.0000      2207.91187      2826.43359 
       671.0000      2207.96021      2826.58594 
       672.0000      2208.01074      2826.73828 
       673.0000      2208.06445      2826.89087 
       674.0000      2208.12085      2827.04321 
       675.0000      2208.17847      2827.19556 
       676.0000      2208.23706      2827.34790 
       677.0000      2208.29858      2827.50049 
       678.0000      2208.36108      2827.65283 
       679.0000      2208.42310      2827.80518 
       680.0000      2208.48511      2827.95752 
       681.0000      2208.54688      2828.11011 
       682.0000      2208.60669      2828.26245 
       683.0000      2208.66357      2828.41479 
       684.0000      2208.71631      2828.56714 
       685.0000      2208.76611      2828.71948 
       686.0000      2208.81470      2828.87207 
       687.0000      2208.86304      2829.02441 
       688.0000      2208.91284      2829.17676 
       689.0000      2208.96338      2829.32910 
       690.0000      2209.01514      2829.48169 
       691.0000      2209.06738      2829.63403 
       692.0000      2209.11938      2829.78638 
       693.0000      2209.17090      2829.93872 
       694.0000      2209.22192      2830.09131 
       695.0000      2209.27246      2830.24365 
       696.0000      2209.32202      2830.39600 
       697.0000      2209.37158      2830.54834 
       698.0000      2209.42065      2830.70068 
       699.0000      2209.46973      2830.85327 
       700.0000      2209.51855      2831.00562 
       701.0000      2209.56763      2831.15796 
       702.0000      2209.61646      2831.31030 
       703.0000      2209.66528      2831.46289 
       704.0000      2209.71387      2831.61523 
       705.0000      2209.76270      2831.76758 
       706.0000      2209.81104      2831.91992 
       707.0000      2209.85938      2832.07251 
       708.0000      2209.90796      2832.22485 
       709.0000      2209.95654      2832.37720 
       710.0000      2210.00586      2832.52954 
       711.0000      2210.05469      2832.68188 
       712.0000      2210.10352      2832.83447 
       713.0000      2210.15259      2832.98682 
       714.0000      2210.20166      2833.13916 
       715.0000      2210.25098      2833.29150 
       716.0000      2210.29956      2833.44409 
       717.0000      2210.34814      2833.59644 
       718.0000      2210.39648      2833.74878 
       719.0000      2210.44507      2833.90112 
       720.0000      2210.49414      2834.05371 
       721.0000      2210.54272      2834.20605 
       722.0000      2210.59131      2834.35840 
       723.0000      2210.63940      2834.51074 
       724.0000      2210.68774      2834.66309 
       725.0000      2210.73511      2834.81567 
       726.0000      2210.78198      2834.96802 
       727.0000      2210.82935      2835.12036 
       728.0000      2210.87646      2835.27271 
       729.0000      2210.92554      2835.42529 
       730.0000      2210.97632      2835.57764 
       731.0000      2211.02856      2835.72998 
       732.0000      2211.08154      2835.88232 
       733.0000      2211.13354      2836.03491 
       734.0000      2211.18311      2836.18726 
       735.0000      2211.23120      2836.33960 
       736.0000      2211.27832      2836.49194 
       737.0000      2211.32617      2836.64429 
       738.0000      2211.37354      2836.79688 
       739.0000      2211.42139      2836.94922 
       740.0000      2211.46924      2837.10156 
       741.0000      2211.51685      2837.25391 
       742.0000      2211.56396      2837.40649 
       743.0000      2211.61133      2837.55884 
       744.0000      2211.65845      2837.71118 
       745.0000      2211.70557      2837.86353 
       746.0000      2211.75244      2838.01611 
       747.0000      2211.79907      2838.16846 
       748.0000      2211.84595      2838.32080 
       749.0000      2211.89209      2838.47314 
       750.0000      2211.93872      2838.62549 
       751.0000      2211.98511      2838.77808 
       752.0000      2212.03174      2838.93042 
       753.0000      2212.07886      2839.08276 
       754.0000      2212.12622      2839.23511 
       755.0000      2212.17432      2839.38770 
       756.0000      2212.22290      2839.54004 
       757.0000      2212.27124      2839.69238 
       758.0000      2212.31982      2839.84473 
       759.0000      2212.36816      2839.99731 
       760.0000      2212.41675      2840.14966 
       761.0000      2212.46484      2840.30200 
       762.0000      2212.51294      2840.45435 
       763.0000      2212.56055      2840.60669 
       764.0000      2212.60840      2840.75928 
       765.0000      2212.65625      2840.91162 
       766.0000      2212.70459      2841.06396 
       767.0000      2212.75415      2841.21631 
       768.0000      2212.80396      2841.36890 
       769.0000      2212.85352      2841.52124 
       770.0000      2212.90283      2841.67358 
       771.0000      2212.95166      2841.82593 
       772.0000      2213.00024      2841.97852 
       773.0000      2213.04932      2842.13086 
       774.0000      2213.09814      2842.28320 
       775.0000      2213.14722      2842.43555 
       776.0000      2213.19604      2842.58789 
       777.0000      2213.24487      2842.74048 
       778.0000      2213.29395      2842.89282 
       779.0000      2213.34326      2843.04517 
       780.0000      2213.39282      2843.19751 
       781.0000      2213.44214      2843.35010 
       782.0000      2213.49170      2843.50244 
       783.0000      2213.54126      2843.65479 
       784.0000      2213.59131      2843.80713 
       785.0000      2213.64160      2843.95972 
       786.0000      2213.69214      2844.11206 
       787.0000      2213.74341      2844.26440 
       788.0000      2213.79468      2844.41675 
       789.0000      2213.84644      2844.56909 
       790.0000      2213.89771      2844.72168 
       791.0000      2213.94897      2844.87402 
       792.0000      2213.99976      2845.02637 
       793.0000      2214.04980      2845.17871 
       794.0000      2214.09937      2845.33130 
       795.0000      2214.14868      2845.48364 
       796.0000      2214.19800      2845.63599 
       797.0000      2214.24731      2845.78833 
       798.0000      2214.29639      2845.94092 
       799.0000      2214.34546      2846.09326 
       800.0000      2214.39453      2846.24561 
       801.0000      2214.44312      2846.39795 
       802.0000      2214.49121      2846.55029 
       803.0000      2214.53857      2846.70288 
       804.0000      2214.58594      2846.85522 
       805.0000      2214.63306      2847.00757 
       806.0000      2214.68018      2847.15991 
       807.0000      2214.72729      2847.31250 
       808.0000      2214.77466      2847.46484 
       809.0000      2214.82227      2847.61719 
       810.0000      2214.86963      2847.76953 
       811.0000      2214.91772      2847.92212 
       812.0000      2214.96533      2848.07446 
       813.0000      2215.01294      2848.22681 
       814.0000      2215.06128      2848.37915 
       815.0000      2215.10889      2848.53149 
       816.0000      2215.15649      2848.68408 
       817.0000      2215.20435      2848.83643 
       818.0000      2215.25171      2848.98877 
       819.0000      2215.29907      2849.14111 
       820.0000      2215.34692      2849.29370 
       821.0000      2215.39502      2849.44604 
       822.0000      2215.44312      2849.59839 
       823.0000      2215.49121      2849.75073 
       824.0000      2215.53955      2849.90332 
       825.0000      2215.58691      2850.05566 
       826.0000      2215.63428      2850.20801 
       827.0000      2215.68164      2850.36035 
       828.0000      2215.72925      2850.51270 
       829.0000      2215.77734      2850.66528 
       830.0000      2215.82544      2850.81763 
       831.0000      2215.87402      2850.96997 
       832.0000      2215.92236      2851.12231 
       833.0000      2215.97046      2851.27490 
       834.0000      2216.01880      2851.42725 
       835.0000      2216.06738      2851.57959 
       836.0000      2216.11572      2851.73193 
       837.0000      2216.16455      2851.88452 
       838.0000      2216.21313      2852.03687 
       839.0000      2216.26221      2852.18921 
       840.0000      2216.31104      2852.34155 
       841.0000      2216.35938      2852.49390 
       842.0000      2216.40747      2852.64648 
       843.0000      2216.45532      2852.79883 
       844.0000      2216.50269      2852.95117 
       845.0000      2216.54980      2853.10352 
       846.0000      2216.59766      2853.25610 
       847.0000      2216.64502      2853.40845 
       848.0000      2216.69238      2853.56079 
       849.0000      2216.73975      2853.71313 
       850.0000      2216.78638      2853.86572 
       851.0000      2216.83350      2854.01807 
       852.0000      2216.88086      2854.17041 
       853.0000      2216.92798      2854.32275 
       854.0000      2216.97559      2854.47510 
       855.0000      2217.02344      2854.62769 
       856.0000      2217.07104      2854.78003 
       857.0000      2217.11914      2854.93237 
       858.0000      2217.16748      2855.08472 
       859.0000      2217.21558      2855.23730 
       860.0000      2217.26440      2855.38965 
       861.0000      2217.31323      2855.54199 
       862.0000      2217.36279      2855.69434 
       863.0000      2217.41211      2855.84692 
       864.0000      2217.46069      2855.99927 
       865.0000      2217.50928      2856.15161 
       866.0000      2217.55811      2856.30396 
       867.0000      2217.60718      2856.45630 
       868.0000      2217.65625      2856.60889 
       869.0000      2217.70532      2856.76123 
       870.0000      2217.75391      2856.91357 
       871.0000      2217.80298      2857.06592 
       872.0000      2217.85181      2857.21851 
       873.0000      2217.90063      2857.37085 
       874.0000      2217.94995      2857.52319 
       875.0000      2217.99902      2857.67554 
       876.0000      2218.04858      2857.82788 
       877.0000      2218.09766      2857.98047 
       878.0000      2218.14648      2858.13281 
       879.0000      2218.19556      2858.28516 
       880.0000      2218.24365      2858.43750 
       881.0000      2218.29175      2858.59009 
       882.0000      2218.33984      2858.74243 
       883.0000      2218.38867      2858.89478 
       884.0000      2218.43726      2859.04712 
       885.0000      2218.48682      2859.19971 
       886.0000      2218.53589      2859.35205 
       887.0000      2218.58521      2859.50439 
       888.0000      2218.63403      2859.65674 
       889.0000      2218.68286      2859.80908 
       890.0000      2218.73145      2859.96167 
       891.0000      2218.77979      2860.11401 
       892.0000      2218.82837      2860.26636 
       893.0000      2218.87720      2860.41870 
       894.0000      2218.92651      2860.57129 
       895.0000      2218.97559      2860.72363 
       896.0000      2219.02515      2860.87598 
       897.0000      2219.07471      2861.02832 
       898.0000      2219.12427      2861.18091 
       899.0000      2219.17432      2861.33325 
       900.0000      2219.22485      2861.48560 
       901.0000      2219.27588      2861.63794 
       902.0000      2219.32739      2861.79028 
       903.0000      2219.37891      2861.94287 
       904.0000      2219.43042      2862.09521 
       905.0000      2219.48218      2862.24756 
       906.0000      2219.53394      2862.39990 
       907.0000      2219.58594      2862.55249 
       908.0000      2219.63794      2862.70483 
       909.0000      2219.68921      2862.85718 
       910.0000      2219.74097      2863.00952 
       911.0000      2219.79272      2863.16211 
       912.0000      2219.84497      2863.31445 
       913.0000      2219.89722      2863.46680 
       914.0000      2219.94873      2863.61914 
       915.0000      2219.99927      2863.77148 
       916.0000      2220.04883      2863.92407 
       917.0000      2220.09790      2864.07642 
       918.0000      2220.14819      2864.22876 
       919.0000      2220.19849      2864.38110 
       920.0000      2220.24902      2864.53369 
       921.0000      2220.29980      2864.68604 
       922.0000      2220.35083      2864.83838 
       923.0000      2220.40137      2864.99072 
       924.0000      2220.44995      2865.14331 
       925.0000      2220.49634      2865.29565 
       926.0000      2220.54346      2865.44800 
       927.0000      2220.59155      2865.60034 
       928.0000      2220.64331      2865.75269 
       929.0000      2220.69653      2865.90527 
       930.0000      2220.75024      2866.05762 
       931.0000      2220.80273      2866.20996 
       932.0000      2220.85278      2866.36230 
       933.0000      2220.90137      2866.51489 
       934.0000      2220.94971      2866.66724 
       935.0000      2220.99854      2866.81958 
       936.0000      2221.04785      2866.97192 
       937.0000      2221.09741      2867.12451 
       938.0000      2221.14697      2867.27686 
       939.0000      2221.19775      2867.42920 
       940.0000      2221.24951      2867.58154 
       941.0000      2221.30200      2867.73389 
       942.0000      2221.35596      2867.88647 
       943.0000      2221.41016      2868.03882 
       944.0000      2221.46411      2868.19116 
       945.0000      2221.51709      2868.34351 
       946.0000      2221.56909      2868.49609 
       947.0000      2221.61963      2868.64844 
       948.0000      2221.66919      2868.80078 
       949.0000      2221.71802      2868.95312 
       950.0000      2221.76611      2869.10571 
       951.0000      2221.81372      2869.25806 
       952.0000      2221.86133      2869.41040 
       953.0000      2221.90918      2869.56274 
       954.0000      2221.95728      2869.71509 
       955.0000      2222.00562      2869.86768 
       956.0000      2222.05396      2870.02002 
       957.0000      2222.10303      2870.17236 
       958.0000      2222.15259      2870.32471 
       959.0000      2222.20215      2870.47729 
       960.0000      2222.25195      2870.62964 
       961.0000      2222.30151      2870.78198 
       962.0000      2222.35181      2870.93433 
       963.0000      2222.40356      2871.08691 
       964.0000      2222.45654      2871.23926 
       965.0000      2222.51050      2871.39160 
       966.0000      2222.56421      2871.54395 
       967.0000      2222.61621      2871.69629 
       968.0000      2222.66724      2871.84888 
       969.0000      2222.71777      2872.00122 
       970.0000      2222.76831      2872.15356 
       971.0000      2222.81934      2872.30591 
       972.0000      2222.86987      2872.45850 
       973.0000      2222.91992      2872.61084 
       974.0000      2222.96948      2872.76318 
       975.0000      2223.01855      2872.91553 
       976.0000      2223.06836      2873.06812 
       977.0000      2223.11768      2873.22046 
       978.0000      2223.16699      2873.37280 
       979.0000      2223.21631      2873.52515 
       980.0000      2223.26538      2873.67749 
       981.0000      2223.31421      2873.83008 
       982.0000      2223.36304      2873.98242 
       983.0000      2223.41113      2874.13477 
       984.0000      2223.45972      2874.28711 
       985.0000      2223.50830      2874.43970 
       986.0000      2223.55688      2874.59204 
       987.0000      2223.60571      2874.74438 
       988.0000      2223.65405      2874.89673 
       989.0000      2223.70288      2875.04932 
       990.0000      2223.75195      2875.20166 
       991.0000      2223.80103      2875.35400 
       992.0000      2223.85083      2875.50635 
       993.0000      2223.90015      2875.65869 
       994.0000      2223.94971      2875.81128 
       995.0000      2223.99951      2875.96362 
       996.0000      2224.04956      2876.11597 
       997.0000      2224.09961      2876.26831 
       998.0000      2224.14917      2876.42090 
       999.0000      2224.19873      2876.57324 
      1000.0000      2224.24829      2876.72559 
      1001.0000      2224.29761      2876.87793 
      1002.0000      2224.34644      2877.03052 
      1003.0000      2224.39478      2877.18286 
      1004.0000      2224.44263      2877.33521 
      1005.0000      2224.48975      2877.48755 
      1006.0000      2224.53589      2877.63989 
      1007.0000      2224.58252      2877.79248 
      1008.0000      2224.62891      2877.94482 
      1009.0000      2224.67529      2878.09717 
      1010.0000      2224.72241      2878.24951 
      1011.0000      2224.76953      2878.40210 
      1012.0000      2224.81738      2878.55444 
      1013.0000      2224.86572      2878.70679 
      1014.0000      2224.91406      2878.85913 
      1015.0000      2224.96240      2879.01172 
      1016.0000      2225.01099      2879.16406 
      1017.0000      2225.05933      2879.31641 
      1018.0000      2225.10767      2879.46875 
      1019.0000      2225.15625      2879.62109 
      1020.0000      2225.20532      2879.77368 
      1021.0000      2225.25464      2879.92603 
      1022.0000      2225.30396      2880.07837 
      1023.0000      2225.35327      2880.23071 
      1024.0000      2225.40283      2880.38330 
      1025.0000      2225.45215      2880.53564 
      1026.0000      2225.50146      2880.68799 
      1027.0000      2225.55054      2880.84033 
      1028.0000      2225.60010      2880.99292 
      1029.0000      2225.64917      2881.14526 
      1030.0000      2225.69800      2881.29761 
      1031.0000      2225.74731      2881.44995 
      1032.0000      2225.79663      2881.60229 
      1033.0000      2225.84619      2881.75488 
      1034.0000      2225.89600      2881.90723 
      1035.0000      2225.94556      2882.05957 
      1036.0000      2225.99512      2882.21191 
      1037.0000      2226.04443      2882.36450 
      1038.0000      2226.09375      2882.51685 
      1039.0000      2226.14282      2882.66919 
      1040.0000      2226.19165      2882.82153 
      1041.0000      2226.24048      2882.97412 
      1042.0000      2226.28882      2883.12646 
      1043.0000      2226.33740      2883.27881 
      1044.0000      2226.38623      2883.43115 
      1045.0000      2226.43530      2883.58350 
      1046.0000      2226.48389      2883.73608 
      1047.0000      2226.53247      2883.88843 
      1048.0000      2226.58057      2884.04077 
      1049.0000      2226.62866      2884.19312 
      1050.0000      2226.67700      2884.34570 
      1051.0000      2226.72510      2884.49805 
      1052.0000      2226.77295      2884.65039 
      1053.0000      2226.82104      2884.80273 
      1054.0000      2226.86865      2884.95532 
      1055.0000      2226.91675      2885.10767 
      1056.0000      2226.96484      2885.26001 
      1057.0000      2227.01294      2885.41235 
      1058.0000      2227.06055      2885.56470 
      1059.0000      2227.10767      2885.71729 
      1060.0000      2227.15479      2885.86963 
      1061.0000      2227.20093      2886.02197 
      1062.0000      2227.24780      2886.17432 
      1063.0000      2227.29395      2886.32690 
      1064.0000      2227.34033      2886.47925 
      1065.0000      2227.38599      2886.63159 
      1066.0000      2227.43213      2886.78394 
      1067.0000      2227.47803      2886.93652 
      1068.0000      2227.52466      2887.08887 
      1069.0000      2227.57153      2887.24121 
      1070.0000      2227.61890      2887.39355 
      1071.0000      2227.66675      2887.54590 
      1072.0000      2227.71460      2887.69849 
      1073.0000      2227.76270      2887.85083 
      1074.0000      2227.81030      2888.00317 
      1075.0000      2227.85840      2888.15552 
      1076.0000      2227.90625      2888.30811 
      1077.0000      2227.95483      2888.46045 
      1078.0000      2228.00342      2888.61279 
      1079.0000      2228.05225      2888.76514 
      1080.0000      2228.10083      2888.91748 
      1081.0000      2228.14941      2889.07007 
      1082.0000      2228.19751      2889.22241 
      1083.0000      2228.24561      2889.37476 
      1084.0000      2228.29297      2889.52710 
      1085.0000      2228.34058      2889.67969 
      1086.0000      2228.38843      2889.83203 
      1087.0000      2228.43701      2889.98438 
      1088.0000      2228.48608      2890.13672 
      1089.0000      2228.53540      2890.28931 
      1090.0000      2228.58472      2890.44165 
      1091.0000      2228.63428      2890.59399 
      1092.0000      2228.68311      2890.74634 
      1093.0000      2228.73145      2890.89868 
      1094.0000      2228.77930      2891.05127 
      1095.0000      2228.82690      2891.20361 
      1096.0000      2228.87476      2891.35596 
      1097.0000      2228.92334      2891.50830 
      1098.0000      2228.97241      2891.66089 
      1099.0000      2229.02197      2891.81323 
      1100.0000      2229.07104      2891.96558 
      1101.0000      2229.11987      2892.11792 
      1102.0000      2229.16846      2892.27051 
      1103.0000      2229.21558      2892.42285 
      1104.0000      2229.26245      2892.57520 
      1105.0000      2229.30811      2892.72754 
      1106.0000      2229.35449      2892.87988 
      1107.0000      2229.40063      2893.03247 
      1108.0000      2229.44775      2893.18481 
      1109.0000      2229.49561      2893.33716 
      1110.0000      2229.54370      2893.48950 
      1111.0000      2229.59229      2893.64209 
      1112.0000      2229.64038      2893.79443 
      1113.0000      2229.68872      2893.94678 
      1114.0000      2229.73730      2894.09912 
      1115.0000      2229.78638      2894.25171 
      1116.0000      2229.83594      2894.40405 
      1117.0000      2229.88647      2894.55640 
      1118.0000      2229.93750      2894.70874 
      1119.0000      2229.98779      2894.86108 
      1120.0000      2230.03784      2895.01367 
      1121.0000      2230.08813      2895.16602 
      1122.0000      2230.13867      2895.31836 
      1123.0000      2230.18994      2895.47070 
      1124.0000      2230.24121      2895.62329 
      1125.0000      2230.29272      2895.77563 
      1126.0000      2230.34375      2895.92798 
      1127.0000      2230.39478      2896.08032 
      1128.0000      2230.44629      2896.23291 
      1129.0000      2230.49683      2896.38525 
      1130.0000      2230.54639      2896.53760 
      1131.0000      2230.59473      2896.68994 
      1132.0000      2230.64209      2896.84229 
      1133.0000      2230.68921      2896.99487 
      1134.0000      2230.73682      2897.14722 
      1135.0000      2230.78442      2897.29956 
      1136.0000      2230.83203      2897.45190 
      1137.0000      2230.87964      2897.60449 
      1138.0000      2230.92700      2897.75684 
      1139.0000      2230.97412      2897.90918 
      1140.0000      2231.02100      2898.06152 
      1141.0000      2231.06763      2898.21411 
      1142.0000      2231.11450      2898.36646 
      1143.0000      2231.16113      2898.51880 
      1144.0000      2231.20776      2898.67114 
      1145.0000      2231.25464      2898.82349 
      1146.0000      2231.30127      2898.97607 
      1147.0000      2231.34839      2899.12842 
